CLINICAL: (33.131307,-117.158195)
SCI2: (33.130588,-117.157846)
SBSB: (33.1308,-117.157013)
ARTS: (33.129876,-117.158198)
KEL: (33.129128,-117.159499)
UNIV: (33.128627,-117.158922)
ACD: (33.128008,-117.158635)
MARK: (33.12818,-117.157935)
SCI: (33.127835,-117.158656)
VEP: (33.127185,-117.157964)
LotF: (33.12624,-117.156808)
LotC: (33.126503,-117.161172)
LotB: (33.126678,-117.163069)
PSI: (33.127349,-117.160456)
ELB: (33.127349,-117.160456)
