CLINICAL:-117.158195,33.131307
SCI2:-117.157846,33.130588
SBSB:-117.157013,33.1308
ARTS:-117.158198,33.129876
KEL:-117.159499,33.129128
UNIV:-117.158922,33.128630
COM:-117.159281,33.127502
ACD:-117.158635,33.128008
MARK:-117.157935,33.12818
SCI:-117.158656,33.127835
VEP:-117.157964,33.127185
ELB:-117.160456,33.127349
Parking lot F:-117.156808,33.12624
Parking lot C:-117.161172,33.126503
Parking Loft B:-117.163069,33.126678
Parking Structure:-117.160456,33.127349

